data-compact

cuda2
B,nh,N,Q_size,naive,flash,speedup
8,8,64,1,52.673,2.951,17.84920366
16,8,64,2,153.879,4.63,33.23520518
32,8,64,4,510.386,7.83,65.18339719
8,12,64,5,98.593,4.205,23.44661118
16,12,64,3,311.276,6.226,49.9961452
32,12,64,6,1126.938,11.31,99.64084881
8,16,64,2,153.997,4.641,33.18185736
16,16,64,4,510.676,7.864,64.93845371
32,16,64,8,2166.793,15.3,141.6204575
8,12,128,3,311.331,7.766,40.08897759
16,12,128,6,1127.08,12.25,92.00653061
8,8,256,4,510.735,15.58,32.78145058
8,12,256,8,2165.595,29.11,74.39350739
8,16,256,6,1127.009,25.54,44.12721222
16,8,256,8,2165.579,29.07,74.49532164

cuda3
B,nh,N,Q_size,naive,flash,speedup
8,8,64,1,35.453,1.633,21.71034905
16,8,64,2,92.373,2.265,40.78278146
32,8,64,4,271.939,3.898,69.76372499
8,12,64,5,61.877,2.133,29.00937647
16,12,64,3,172.767,3.698,46.71903732
32,12,64,6,761.779,6.31,120.7256735
8,16,64,2,92.256,2.233,41.31482311
16,16,64,4,271.753,3.9,69.68025641
32,16,64,8,1371.692,7.317,187.466448
8,12,128,3,172.713,4.527,38.15175613
16,12,128,6,761.084,7.605,100.0767916
8,8,256,4,271.844,11.909,22.82676967
8,12,256,8,760.416,15.596,48.75711721
8,16,256,6,1370.271,16.026,85.50299513
16,8,256,8,1369.055,15.831,86.47937591

cuda4
B,nh,N,Q_size,naive,flash,speedup
8,8,64,1,75.947,4.327,17.55188352
16,8,64,2,260.223,6.752,38.54013626
32,8,64,4,973.224,14.306,68.02907871
8,12,64,5,149.656,4.851,30.85054628
16,12,64,3,526.165,9.777,53.81661041
32,12,64,6,3554.225,20.746,171.3209775
8,16,64,2,258.09,6.717,38.42340331
16,16,64,4,974.163,14.399,67.65490659
32,16,64,8,9376.61,29.372,319.2363475
8,12,128,3,525.568,10.711,49.06806087
16,12,128,6,3581.405,22.172,161.5282789
8,8,256,4,973.929,34.922,27.88869481
8,12,256,8,3578.935,36.738,97.41779629
8,16,256,6,9374.85,53.925,173.8497914
16,8,256,8,9370.921,53.942,173.7221645

cuda5
B,nh,N,Q_size,naive,flash,speedup
8,8,64,1,31.772,1.401,22.67808708
16,8,64,2,91.503,2.728,33.54215543
32,8,64,4,289.735,4.573,63.35775202
8,12,64,5,61.91,2.334,26.52527849
16,12,64,3,182.234,4.099,44.45816053
32,12,64,6,696.679,7.747,89.92887569
8,16,64,2,91.591,2.774,33.01766402
16,16,64,4,289.709,4.589,63.13118326
32,16,64,8,1136.786,10.059,113.0118302
8,12,128,3,226.242,12.027,18.81117486
16,12,128,6,696.898,9.184,75.88175087
8,8,256,4,289.752,11.387,25.44585931
8,12,256,8,1136.821,22.904,49.6341687
8,16,256,6,696.255,20.493,33.97525984
16,8,256,8,1137.854,23.049,49.36674042